IC: 0.3519003689289093
RIC: 0.3647994101047516
MAE: 0.02612181052617817
RMSE: 0.033322100878144904

